1	17031010100
2	17031010201
3	17031010202
4	17031010300
5	17031010400
6	17031010501
7	17031010502
8	17031010503
9	17031010600
10	17031010701
11	17031010702
12	17031020100
13	17031020200
14	17031020301
15	17031020302
16	17031020400
17	17031020500
18	17031020601
19	17031020602
20	17031020701
21	17031020702
22	17031020801
23	17031020802
24	17031020901
25	17031020902
26	17031030101
27	17031030102
28	17031030103
29	17031030104
30	17031030200
31	17031030300
32	17031030400
33	17031030500
34	17031030601
35	17031030603
36	17031030604
37	17031030701
38	17031030702
39	17031030703
40	17031030706
41	17031030800
42	17031030900
43	17031031000
44	17031031100
45	17031031200
46	17031031300
47	17031031400
48	17031031501
49	17031031502
50	17031031700
51	17031031800
52	17031031900
53	17031032100
54	17031040100
55	17031040201
56	17031040202
57	17031040300
58	17031040401
59	17031040402
60	17031040600
61	17031040700
62	17031040800
63	17031040900
64	17031050100
65	17031050200
66	17031050300
67	17031050500
68	17031050600
69	17031050700
70	17031050800
71	17031050900
72	17031051000
73	17031051100
74	17031051200
75	17031051300
76	17031051400
77	17031060100
78	17031060200
79	17031060300
80	17031060400
81	17031060500
82	17031060800
83	17031060900
84	17031061000
85	17031061100
86	17031061200
87	17031061500
88	17031061800
89	17031061901
90	17031061902
91	17031062000
92	17031062100
93	17031062200
94	17031062300
95	17031062400
96	17031062500
97	17031062600
98	17031062700
99	17031062800
100	17031062900
101	17031063000
102	17031063100
103	17031063200
104	17031063301
105	17031063302
106	17031063303
107	17031063400
108	17031070101
109	17031070102
110	17031070103
111	17031070200
112	17031070300
113	17031070400
114	17031070500
115	17031070600
116	17031070700
117	17031071000
118	17031071100
119	17031071200
120	17031071300
121	17031071400
122	17031071500
123	17031071600
124	17031071700
125	17031071800
126	17031080100
127	17031080201
128	17031080202
129	17031080300
130	17031080400
131	17031081000
132	17031081100
133	17031081201
134	17031081202
135	17031081300
136	17031081401
137	17031081402
138	17031081403
139	17031081500
140	17031081600
141	17031081700
142	17031081800
143	17031081900
144	17031090100
145	17031090200
146	17031090300
147	17031100100
148	17031100200
149	17031100300
150	17031100400
151	17031100500
152	17031100600
153	17031100700
154	17031110100
155	17031110200
156	17031110300
157	17031110400
158	17031110501
159	17031110502
160	17031120100
161	17031120200
162	17031120300
163	17031120400
164	17031130100
165	17031130200
166	17031130300
167	17031140100
168	17031140200
169	17031140301
170	17031140302
171	17031140400
172	17031140500
173	17031140601
174	17031140602
175	17031140701
176	17031140702
177	17031140800
178	17031150200
179	17031150300
180	17031150401
181	17031150402
182	17031150501
183	17031150502
184	17031150600
185	17031150700
186	17031150800
187	17031151001
188	17031151002
189	17031151100
190	17031151200
191	17031160100
192	17031160200
193	17031160300
194	17031160400
195	17031160501
196	17031160502
197	17031160601
198	17031160602
199	17031160700
200	17031160800
201	17031160900
202	17031161000
203	17031161100
204	17031161200
205	17031161300
206	17031170100
207	17031170200
208	17031170300
209	17031170400
210	17031170500
211	17031170600
212	17031170700
213	17031170800
214	17031170900
215	17031171000
216	17031171100
217	17031180100
218	17031190100
219	17031190200
220	17031190300
221	17031190401
222	17031190402
223	17031190601
224	17031190602
225	17031190701
226	17031190702
227	17031190800
228	17031190900
229	17031191000
230	17031191100
231	17031191200
232	17031191301
233	17031191302
234	17031200100
235	17031200200
236	17031200300
237	17031200401
238	17031200402
239	17031210100
240	17031210400
241	17031210501
242	17031210502
243	17031210601
244	17031210602
245	17031210700
246	17031210800
247	17031210900
248	17031220300
249	17031220400
250	17031220500
251	17031220601
252	17031220602
253	17031220701
254	17031220702
255	17031220901
256	17031220902
257	17031221000
258	17031221100
259	17031221200
260	17031221300
261	17031221400
262	17031221500
263	17031221600
264	17031222200
265	17031222500
266	17031222600
267	17031222700
268	17031222800
269	17031222900
270	17031230100
271	17031230200
272	17031230300
273	17031230400
274	17031230500
275	17031230600
276	17031230700
277	17031230800
278	17031230900
279	17031231100
280	17031231200
281	17031231500
282	17031240200
283	17031240300
284	17031240500
285	17031240600
286	17031240700
287	17031240800
288	17031240900
289	17031241000
290	17031241100
291	17031241200
292	17031241300
293	17031241400
294	17031241500
295	17031241600
296	17031242000
297	17031242100
298	17031242200
299	17031242300
300	17031242400
301	17031242500
302	17031242600
303	17031242700
304	17031242800
305	17031242900
306	17031243000
307	17031243100
308	17031243200
309	17031243300
310	17031243400
311	17031243500
312	17031250200
313	17031250300
314	17031250400
315	17031250500
316	17031250600
317	17031250700
318	17031250800
319	17031251000
320	17031251100
321	17031251200
322	17031251300
323	17031251400
324	17031251500
325	17031251600
326	17031251700
327	17031251800
328	17031251900
329	17031252000
330	17031252101
331	17031252102
332	17031252201
333	17031252202
334	17031260100
335	17031260200
336	17031260300
337	17031260400
338	17031260500
339	17031260600
340	17031260700
341	17031260800
342	17031260900
343	17031261000
344	17031270500
345	17031271200
346	17031271300
347	17031271400
348	17031271500
349	17031271800
350	17031280100
351	17031280400
352	17031280800
353	17031280900
354	17031281900
355	17031282700
356	17031282800
357	17031283100
358	17031283200
359	17031283800
360	17031290900
361	17031291200
362	17031291600
363	17031292200
364	17031292400
365	17031292500
366	17031300500
367	17031300600
368	17031300700
369	17031300800
370	17031300900
371	17031301100
372	17031301200
373	17031301600
374	17031301701
375	17031301702
376	17031301801
377	17031301802
378	17031301803
379	17031310200
380	17031310300
381	17031310400
382	17031310500
383	17031310600
384	17031310700
385	17031310800
386	17031310900
387	17031320101
388	17031320102
389	17031320400
390	17031320600
391	17031330101
392	17031330102
393	17031330103
394	17031330200
395	17031340300
396	17031340400
397	17031340500
398	17031340600
399	17031350100
400	17031350400
401	17031351000
402	17031351100
403	17031351400
404	17031351500
405	17031360200
406	17031380100
407	17031380200
408	17031380600
409	17031381200
410	17031381400
411	17031381500
412	17031381800
413	17031381900
414	17031390100
415	17031390200
416	17031390300
417	17031390400
418	17031390500
419	17031390600
420	17031390700
421	17031400300
422	17031400400
423	17031400500
424	17031400800
425	17031410100
426	17031410200
427	17031410500
428	17031410600
429	17031410700
430	17031410800
431	17031410900
432	17031411000
433	17031411100
434	17031411200
435	17031420100
436	17031420200
437	17031420300
438	17031420400
439	17031420500
440	17031420600
441	17031420700
442	17031420800
443	17031421200
444	17031430101
445	17031430102
446	17031430200
447	17031430300
448	17031430400
449	17031430500
450	17031430600
451	17031430700
452	17031430800
453	17031430900
454	17031431200
455	17031431301
456	17031431302
457	17031431400
458	17031440101
459	17031440102
460	17031440201
461	17031440202
462	17031440300
463	17031440600
464	17031440700
465	17031440800
466	17031440900
467	17031450300
468	17031460100
469	17031460200
470	17031460301
471	17031460302
472	17031460400
473	17031460500
474	17031460800
475	17031461000
476	17031470100
477	17031480100
478	17031480200
479	17031480300
480	17031480400
481	17031480500
482	17031490200
483	17031490500
484	17031490600
485	17031490700
486	17031490800
487	17031490901
488	17031490902
489	17031491000
490	17031491100
491	17031491200
492	17031491300
493	17031491400
494	17031500100
495	17031500200
496	17031500300
497	17031510100
498	17031510200
499	17031510300
500	17031520100
501	17031520200
502	17031520300
503	17031520400
504	17031520500
505	17031520600
506	17031530100
507	17031530200
508	17031530300
509	17031530400
510	17031530501
511	17031530502
512	17031530503
513	17031530600
514	17031540101
515	17031540102
516	17031550100
517	17031550200
518	17031560100
519	17031560200
520	17031560300
521	17031560400
522	17031560700
523	17031560800
524	17031560900
525	17031561000
526	17031561100
527	17031570100
528	17031570200
529	17031570300
530	17031570400
531	17031570500
532	17031580100
533	17031580200
534	17031580300
535	17031580400
536	17031580501
537	17031580502
538	17031580600
539	17031580700
540	17031580800
541	17031590500
542	17031590600
543	17031590700
544	17031600400
545	17031600600
546	17031600700
547	17031600900
548	17031610300
549	17031610400
550	17031610800
551	17031611200
552	17031611300
553	17031611400
554	17031611500
555	17031611600
556	17031611700
557	17031611800
558	17031611900
559	17031612000
560	17031612100
561	17031612200
562	17031620100
563	17031620200
564	17031620300
565	17031620400
566	17031630300
567	17031630400
568	17031630500
569	17031630600
570	17031630800
571	17031630900
572	17031640100
573	17031640300
574	17031640400
575	17031640500
576	17031640600
577	17031640700
578	17031640800
579	17031650100
580	17031650200
581	17031650301
582	17031650302
583	17031650400
584	17031650500
585	17031660301
586	17031660302
587	17031660400
588	17031660500
589	17031660600
590	17031660700
591	17031660800
592	17031660900
593	17031661000
594	17031661100
595	17031670100
596	17031670200
597	17031670300
598	17031670400
599	17031670500
600	17031670600
601	17031670700
602	17031670800
603	17031670900
604	17031671100
605	17031671200
606	17031671300
607	17031671400
608	17031671500
609	17031671600
610	17031671800
611	17031671900
612	17031672000
613	17031680500
614	17031680600
615	17031680900
616	17031681000
617	17031681100
618	17031681200
619	17031681300
620	17031681400
621	17031690300
622	17031690400
623	17031690500
624	17031690900
625	17031691000
626	17031691100
627	17031691200
628	17031691300
629	17031691400
630	17031691500
631	17031700100
632	17031700200
633	17031700301
634	17031700302
635	17031700401
636	17031700402
637	17031700501
638	17031700502
639	17031710100
640	17031710200
641	17031710300
642	17031710400
643	17031710500
644	17031710600
645	17031710700
646	17031710800
647	17031710900
648	17031711000
649	17031711100
650	17031711200
651	17031711300
652	17031711400
653	17031711500
654	17031720100
655	17031720200
656	17031720300
657	17031720400
658	17031720500
659	17031720600
660	17031720700
661	17031730100
662	17031730201
663	17031730202
664	17031730300
665	17031730400
666	17031730500
667	17031730600
668	17031730700
669	17031740100
670	17031740200
671	17031740300
672	17031740400
673	17031750100
674	17031750200
675	17031750300
676	17031750400
677	17031750500
678	17031750600
679	17031760801
680	17031760802
681	17031760803
682	17031770201
683	17031770202
684	17031770300
685	17031770400
686	17031770500
687	17031770601
688	17031770602
689	17031770700
690	17031770800
691	17031770901
692	17031770902
693	17031800100
694	17031800200
695	17031800300
696	17031800400
697	17031800500
698	17031800600
699	17031800700
700	17031800800
701	17031800900
702	17031801000
703	17031801100
704	17031801200
705	17031801300
706	17031801400
707	17031801500
708	17031801601
709	17031801603
710	17031801605
711	17031801606
712	17031801607
713	17031801608
714	17031801701
715	17031801702
716	17031801800
717	17031801901
718	17031801902
719	17031802002
720	17031802003
721	17031802004
722	17031802100
723	17031802200
724	17031802300
725	17031802402
726	17031802403
727	17031802404
728	17031802503
729	17031802504
730	17031802505
731	17031802506
732	17031802605
733	17031802607
734	17031802608
735	17031802609
736	17031802610
737	17031802701
738	17031802702
739	17031802801
740	17031802802
741	17031802900
742	17031803005
743	17031803007
744	17031803008
745	17031803010
746	17031803012
747	17031803013
748	17031803014
749	17031803015
750	17031803016
751	17031803017
752	17031803100
753	17031803200
754	17031803300
755	17031803400
756	17031803500
757	17031803603
758	17031803604
759	17031803605
760	17031803607
761	17031803608
762	17031803611
763	17031803612
764	17031803613
765	17031803614
766	17031803615
767	17031803616
768	17031803701
769	17031803702
770	17031803800
771	17031803901
772	17031803902
773	17031804000
774	17031804102
775	17031804104
776	17031804105
777	17031804106
778	17031804108
779	17031804109
780	17031804202
781	17031804203
782	17031804204
783	17031804305
784	17031804306
785	17031804308
786	17031804309
787	17031804312
788	17031804313
789	17031804314
790	17031804315
791	17031804316
792	17031804403
793	17031804404
794	17031804405
795	17031804406
796	17031804505
797	17031804506
798	17031804508
799	17031804509
800	17031804510
801	17031804511
802	17031804512
803	17031804513
804	17031804514
805	17031804603
806	17031804606
807	17031804607
808	17031804608
809	17031804609
810	17031804610
811	17031804611
812	17031804701
813	17031804705
814	17031804706
815	17031804709
816	17031804710
817	17031804711
818	17031804712
819	17031804713
820	17031804714
821	17031804715
822	17031804716
823	17031804803
824	17031804804
825	17031804805
826	17031804806
827	17031804807
828	17031804808
829	17031804809
830	17031804810
831	17031804901
832	17031804902
833	17031805001
834	17031805002
835	17031805105
836	17031805106
837	17031805107
838	17031805108
839	17031805109
840	17031805110
841	17031805111
842	17031805112
843	17031805201
844	17031805202
845	17031805301
846	17031805302
847	17031805401
848	17031805402
849	17031805501
850	17031805502
851	17031805600
852	17031805701
853	17031805702
854	17031805801
855	17031805802
856	17031805901
857	17031805902
858	17031806001
859	17031806002
860	17031806004
861	17031806005
862	17031806006
863	17031806102
864	17031806103
865	17031806104
866	17031806201
867	17031806202
868	17031806300
869	17031806400
870	17031806501
871	17031806502
872	17031806600
873	17031806700
874	17031806801
875	17031806802
876	17031806900
877	17031807000
878	17031807100
879	17031807200
880	17031807300
881	17031807400
882	17031807500
883	17031807600
884	17031807700
885	17031807800
886	17031807900
887	17031808001
888	17031808002
889	17031808100
890	17031808200
891	17031808301
892	17031808302
893	17031808400
894	17031808500
895	17031808600
896	17031808702
897	17031808800
898	17031808900
899	17031809000
900	17031809100
901	17031809200
902	17031809300
903	17031809401
904	17031809402
905	17031809500
906	17031809600
907	17031809700
908	17031809800
909	17031809900
910	17031810000
911	17031810100
912	17031810200
913	17031810301
914	17031810302
915	17031810400
916	17031810501
917	17031810502
918	17031810600
919	17031810701
920	17031810702
921	17031810800
922	17031810900
923	17031811000
924	17031811100
925	17031811200
926	17031811301
927	17031811302
928	17031811401
929	17031811402
930	17031811500
931	17031811600
932	17031811701
933	17031811702
934	17031811800
935	17031811900
936	17031812000
937	17031812100
938	17031812200
939	17031812301
940	17031812302
941	17031812400
942	17031812500
943	17031812600
944	17031812700
945	17031812801
946	17031812802
947	17031812900
948	17031813000
949	17031813100
950	17031813200
951	17031813301
952	17031813302
953	17031813400
954	17031813500
955	17031813600
956	17031813701
957	17031813702
958	17031813801
959	17031813802
960	17031813900
961	17031814000
962	17031814100
963	17031814200
964	17031814300
965	17031814400
966	17031814500
967	17031814600
968	17031814700
969	17031814800
970	17031814900
971	17031815000
972	17031815100
973	17031815200
974	17031815300
975	17031815400
976	17031815500
977	17031815600
978	17031815701
979	17031815702
980	17031815800
981	17031815900
982	17031816000
983	17031816100
984	17031816200
985	17031816300
986	17031816401
987	17031816402
988	17031816500
989	17031816600
990	17031816700
991	17031816800
992	17031816900
993	17031817000
994	17031817101
995	17031817102
996	17031817200
997	17031817300
998	17031817400
999	17031817500
1000	17031817600
1001	17031817700
1002	17031817900
1003	17031818000
1004	17031818100
1005	17031818200
1006	17031818300
1007	17031818401
1008	17031818402
1009	17031818500
1010	17031818600
1011	17031818700
1012	17031818800
1013	17031818900
1014	17031819000
1015	17031819100
1016	17031819200
1017	17031819300
1018	17031819400
1019	17031819500
1020	17031819600
1021	17031819700
1022	17031819801
1023	17031819802
1024	17031819900
1025	17031820000
1026	17031820101
1027	17031820103
1028	17031820104
1029	17031820202
1030	17031820203
1031	17031820204
1032	17031820300
1033	17031820400
1034	17031820501
1035	17031820502
1036	17031820603
1037	17031820604
1038	17031820605
1039	17031820606
1040	17031820700
1041	17031820800
1042	17031820901
1043	17031820902
1044	17031821001
1045	17031821002
1046	17031821101
1047	17031821102
1048	17031821200
1049	17031821300
1050	17031821401
1051	17031821402
1052	17031821500
1053	17031821600
1054	17031821700
1055	17031821800
1056	17031821900
1057	17031822000
1058	17031822101
1059	17031822102
1060	17031822200
1061	17031822301
1062	17031822302
1063	17031822400
1064	17031822500
1065	17031822601
1066	17031822602
1067	17031822701
1068	17031822702
1069	17031822801
1070	17031822802
1071	17031822900
1072	17031823001
1073	17031823002
1074	17031823101
1075	17031823102
1076	17031823200
1077	17031823302
1078	17031823303
1079	17031823304
1080	17031823400
1081	17031823500
1082	17031823602
1083	17031823603
1084	17031823604
1085	17031823605
1086	17031823702
1087	17031823703
1088	17031823704
1089	17031823705
1090	17031823801
1091	17031823803
1092	17031823805
1093	17031823806
1094	17031823901
1095	17031823903
1096	17031823904
1097	17031824003
1098	17031824004
1099	17031824005
1100	17031824006
1101	17031824105
1102	17031824106
1103	17031824107
1104	17031824113
1105	17031824114
1106	17031824115
1107	17031824116
1108	17031824119
1109	17031824121
1110	17031824122
1111	17031824123
1112	17031824124
1113	17031824125
1114	17031824126
1115	17031824127
1116	17031824128
1117	17031824129
1118	17031824300
1119	17031824400
1120	17031824503
1121	17031824505
1122	17031824507
1123	17031824508
1124	17031824509
1125	17031824601
1126	17031824602
1127	17031824701
1128	17031824702
1129	17031824800
1130	17031824900
1131	17031825000
1132	17031825200
1133	17031825302
1134	17031825303
1135	17031825304
1136	17031825400
1137	17031825501
1138	17031825503
1139	17031825504
1140	17031825505
1141	17031825600
1142	17031825700
1143	17031825801
1144	17031825802
1145	17031825803
1146	17031825900
1147	17031826000
1148	17031826100
1149	17031826201
1150	17031826202
1151	17031826301
1152	17031826303
1153	17031826304
1154	17031826401
1155	17031826402
1156	17031826500
1157	17031826600
1158	17031826700
1159	17031826800
1160	17031826901
1161	17031826902
1162	17031827000
1163	17031827100
1164	17031827200
1165	17031827300
1166	17031827400
1167	17031827500
1168	17031827600
1169	17031827700
1170	17031827801
1171	17031827802
1172	17031827804
1173	17031827805
1174	17031827901
1175	17031827902
1176	17031828000
1177	17031828100
1178	17031828201
1179	17031828202
1180	17031828300
1181	17031828401
1182	17031828402
1183	17031828503
1184	17031828504
1185	17031828505
1186	17031828507
1187	17031828508
1188	17031828601
1189	17031828602
1190	17031828701
1191	17031828702
1192	17031828801
1193	17031828802
1194	17031828900
1195	17031829000
1196	17031829100
1197	17031829200
1198	17031829301
1199	17031829302
1200	17031829401
1201	17031829402
1202	17031829500
1203	17031829600
1204	17031829700
1205	17031829800
1206	17031829902
1207	17031829903
1208	17031829904
1209	17031830001
1210	17031830003
1211	17031830004
1212	17031830005
1213	17031830006
1214	17031830007
1215	17031830008
1216	17031830100
1217	17031830201
1218	17031830202
1219	17031830300
1220	17031830400
1221	17031830500
1222	17031830600
1223	17031830700
1224	17031830800
1225	17031830900
1226	17031831000
1227	17031831100
1228	17031831200
1229	17031831300
1230	17031831400
1231	17031831500
1232	17031831600
1233	17031831700
1234	17031831800
1235	17031831900
1236	17031832000
1237	17031832100
1238	17031832200
1239	17031832300
1240	17031832400
1241	17031832500
1242	17031832600
1243	17031832900
1244	17031833000
1245	17031833100
1246	17031833300
1247	17031833900
1248	17031834000
1249	17031834200
1250	17031834300
1251	17031834400
1252	17031834500
1253	17031834600
1254	17031834700
1255	17031834800
1256	17031834900
1257	17031835000
1258	17031835100
1259	17031835200
1260	17031835500
1261	17031835600
1262	17031835800
1263	17031836000
1264	17031836100
1265	17031836200
1266	17031836300
1267	17031836400
1268	17031836500
1269	17031836600
1270	17031836700
1271	17031836800
1272	17031836900
1273	17031837000
1274	17031837100
1275	17031837300
1276	17031837400
1277	17031837800
1278	17031838000
1279	17031838100
1280	17031838200
1281	17031838300
1282	17031838600
1283	17031838700
1284	17031838800
1285	17031839000
1286	17031839100
1287	17031839200
1288	17031839500
1289	17031839600
1290	17031839700
1291	17031839800
1292	17031839900
1293	17031840000
1294	17031840100
1295	17031840200
1296	17031840300
1297	17031840400
1298	17031840700
1299	17031840800
1300	17031841000
1301	17031841100
1302	17031841200
1303	17031841300
1304	17031841500
1305	17031841700
1306	17031841800
1307	17031841900
1308	17031842000
1309	17031842100
1310	17031842200
1311	17031842300
1312	17031842400
1313	17031842500
1314	17031842600
1315	17031842800
1316	17031842900
1317	17031843000
1318	17031843100
1319	17031843200
1320	17031843300
1321	17031843400
1322	17031843500
1323	17031843600
1324	17031843700
1325	17031843800
1326	17031843900
1327	17031844600
1328	17031844700
