1	25001010100
2	25001010206
3	25001010208
4	25001010304
5	25001010306
6	25001010400
7	25001010500
8	25001010600
9	25001010700
10	25001010800
11	25001010900
12	25001011002
13	25001011100
14	25001011200
15	25001011300
16	25001011400
17	25001011500
18	25001011600
19	25001011700
20	25001011801
21	25001011802
22	25001012001
23	25001012002
24	25001012101
25	25001012102
26	25001012200
27	25001012502
28	25001012601
29	25001012602
30	25001012700
31	25001012800
32	25001012900
33	25001013002
34	25001013100
35	25001013200
36	25001013300
37	25001013400
38	25001013500
39	25001013600
40	25001013700
41	25001013800
42	25001013900
43	25001014002
44	25001014100
45	25001014300
46	25001014402
47	25001014500
48	25001014600
49	25001014700
50	25001014800
51	25001014900
52	25001015001
53	25001015002
54	25001015100
55	25001015200
56	25001015300
57	25001990000
58	25003900100
59	25003900200
60	25003900300
61	25003900400
62	25003900500
63	25003900600
64	25003900700
65	25003900800
66	25003900900
67	25003901100
68	25003911100
69	25003912100
70	25003913100
71	25003914100
72	25003920101
73	25003920102
74	25003921300
75	25003921400
76	25003921500
77	25003922100
78	25003922200
79	25003922300
80	25003923100
81	25003924100
82	25003925101
83	25003925102
84	25003926100
85	25003931100
86	25003931300
87	25003931400
88	25003932200
89	25003932300
90	25003933200
91	25003933300
92	25003933400
93	25003934200
94	25003934300
95	25003935100
96	25003935200
97	25003935300
98	25005600100
99	25005600202
100	25005600203
101	25005600204
102	25005610100
103	25005610202
104	25005610203
105	25005610204
106	25005611101
107	25005611102
108	25005611201
109	25005611202
110	25005612100
111	25005612201
112	25005612202
113	25005613100
114	25005613300
115	25005613400
116	25005613600
117	25005613700
118	25005613800
119	25005613901
120	25005613902
121	25005614000
122	25005614101
123	25005614102
124	25005615100
125	25005616100
126	25005617101
127	25005617102
128	25005630101
129	25005630102
130	25005630201
131	25005630202
132	25005630301
133	25005630302
134	25005630400
135	25005631101
136	25005631102
137	25005631200
138	25005631300
139	25005631400
140	25005631500
141	25005631600
142	25005631700
143	25005631800
144	25005632100
145	25005632200
146	25005633100
147	25005633200
148	25005640100
149	25005640201
150	25005640202
151	25005640300
152	25005640400
153	25005640500
154	25005640600
155	25005640700
156	25005640800
157	25005640901
158	25005641000
159	25005641101
160	25005641200
161	25005641300
162	25005641400
163	25005641500
164	25005641600
165	25005641700
166	25005641800
167	25005641900
168	25005642000
169	25005642100
170	25005642200
171	25005642300
172	25005642400
173	25005642500
174	25005644101
175	25005644102
176	25005644200
177	25005645101
178	25005645102
179	25005645103
180	25005646101
181	25005646103
182	25005646104
183	25005650101
184	25005650102
185	25005650201
186	25005650202
187	25005650300
188	25005650400
189	25005650500
190	25005650600
191	25005650700
192	25005650800
193	25005650900
194	25005651001
195	25005651002
196	25005651100
197	25005651200
198	25005651300
199	25005651400
200	25005651500
201	25005651600
202	25005651700
203	25005651800
204	25005651900
205	25005652000
206	25005652100
207	25005652200
208	25005652300
209	25005652400
210	25005652500
211	25005652600
212	25005652700
213	25005652800
214	25005653101
215	25005653102
216	25005653203
217	25005653204
218	25005653301
219	25005653304
220	25005654100
221	25005654200
222	25005655100
223	25005655200
224	25005655300
225	25005655400
226	25005985500
227	25005985600
228	25005990000
229	25007200100
230	25007200200
231	25007200300
232	25007200400
233	25007990000
234	25009201100
235	25009202101
236	25009202103
237	25009202104
238	25009202200
239	25009203100
240	25009203200
241	25009203301
242	25009203302
243	25009204101
244	25009204102
245	25009204200
246	25009204300
247	25009204400
248	25009204500
249	25009204600
250	25009204701
251	25009204702
252	25009205100
253	25009205200
254	25009205300
255	25009205400
256	25009205500
257	25009205600
258	25009205700
259	25009205800
260	25009205900
261	25009206000
262	25009206100
263	25009206200
264	25009206300
265	25009206400
266	25009206500
267	25009206600
268	25009206700
269	25009206800
270	25009206900
271	25009207000
272	25009207100
273	25009207200
274	25009208101
275	25009208102
276	25009208200
277	25009208301
278	25009208302
279	25009208401
280	25009208402
281	25009209100
282	25009209200
283	25009210100
284	25009210200
285	25009210301
286	25009210302
287	25009210401
288	25009210402
289	25009210500
290	25009210600
291	25009210700
292	25009210800
293	25009210900
294	25009211100
295	25009211201
296	25009211202
297	25009211300
298	25009211401
299	25009211402
300	25009212101
301	25009212102
302	25009213100
303	25009214100
304	25009215101
305	25009215102
306	25009216100
307	25009217101
308	25009217102
309	25009217201
310	25009217202
311	25009217300
312	25009217401
313	25009217402
314	25009217500
315	25009217601
316	25009217602
317	25009218100
318	25009220101
319	25009220102
320	25009221100
321	25009221300
322	25009221400
323	25009221500
324	25009221600
325	25009221700
326	25009221800
327	25009221901
328	25009221902
329	25009222100
330	25009223100
331	25009223200
332	25009223300
333	25009250100
334	25009250200
335	25009250300
336	25009250400
337	25009250500
338	25009250600
339	25009250700
340	25009250800
341	25009250900
342	25009251000
343	25009251100
344	25009251200
345	25009251300
346	25009251400
347	25009251500
348	25009251600
349	25009251700
350	25009251800
351	25009252101
352	25009252102
353	25009252201
354	25009252202
355	25009252300
356	25009252400
357	25009252501
358	25009252502
359	25009252601
360	25009252602
361	25009252603
362	25009253100
363	25009253201
364	25009253202
365	25009253203
366	25009253204
367	25009253205
368	25009254100
369	25009254200
370	25009254301
371	25009254302
372	25009254401
373	25009254402
374	25009254403
375	25009260100
376	25009260200
377	25009260301
378	25009260302
379	25009260401
380	25009260402
381	25009260500
382	25009260600
383	25009260700
384	25009260800
385	25009260900
386	25009261000
387	25009261101
388	25009261102
389	25009262100
390	25009263100
391	25009264100
392	25009265101
393	25009265102
394	25009266100
395	25009266200
396	25009266300
397	25009266400
398	25009267102
399	25009267103
400	25009267104
401	25009268100
402	25009268200
403	25009268300
404	25009268400
405	25009269100
406	25009270100
407	25009990100
408	25011040100
409	25011040200
410	25011040300
411	25011040400
412	25011040501
413	25011040502
414	25011040600
415	25011040701
416	25011040702
417	25011040800
418	25011040900
419	25011041000
420	25011041100
421	25011041200
422	25011041301
423	25011041302
424	25011041400
425	25011041501
426	25011041502
427	25013800101
428	25013800102
429	25013800201
430	25013800202
431	25013800300
432	25013800400
433	25013800500
434	25013800600
435	25013800700
436	25013800800
437	25013800900
438	25013801101
439	25013801102
440	25013801200
441	25013801300
442	25013801401
443	25013801402
444	25013801501
445	25013801502
446	25013801503
447	25013801601
448	25013801602
449	25013801603
450	25013801604
451	25013801605
452	25013801700
453	25013801800
454	25013801901
455	25013801902
456	25013802000
457	25013802101
458	25013802200
459	25013802300
460	25013802400
461	25013802500
462	25013802601
463	25013802602
464	25013810100
465	25013810200
466	25013810300
467	25013810403
468	25013810404
469	25013810412
470	25013810414
471	25013810601
472	25013810602
473	25013810700
474	25013810800
475	25013810901
476	25013810902
477	25013811000
478	25013811101
479	25013811102
480	25013811200
481	25013811301
482	25013811302
483	25013811400
484	25013811500
485	25013811600
486	25013811700
487	25013811800
488	25013811900
489	25013812001
490	25013812002
491	25013812101
492	25013812103
493	25013812104
494	25013812201
495	25013812202
496	25013812300
497	25013812401
498	25013812403
499	25013812404
500	25013812500
501	25013812600
502	25013812701
503	25013812702
504	25013812800
505	25013812901
506	25013812902
507	25013812903
508	25013813001
509	25013813002
510	25013813101
511	25013813102
512	25013813204
513	25013813205
514	25013813206
515	25013813207
516	25013813208
517	25013813209
518	25013813301
519	25013813303
520	25013813304
521	25013813401
522	25013813403
523	25013813404
524	25013813500
525	25013813601
526	25013813602
527	25013813701
528	25013813702
529	25013813801
530	25013813802
531	25015820101
532	25015820102
533	25015820205
534	25015820206
535	25015820207
536	25015820300
537	25015820400
538	25015820500
539	25015820600
540	25015820700
541	25015820801
542	25015820802
543	25015820900
544	25015821000
545	25015821101
546	25015821200
547	25015821300
548	25015821400
549	25015821500
550	25015821601
551	25015821602
552	25015821700
553	25015821901
554	25015821903
555	25015821904
556	25015822000
557	25015822200
558	25015822300
559	25015822401
560	25015822402
561	25015822500
562	25015822601
563	25015822603
564	25015822607
565	25015822700
566	25017300100
567	25017301101
568	25017301102
569	25017310101
570	25017310102
571	25017310200
572	25017310300
573	25017310400
574	25017310500
575	25017310601
576	25017310602
577	25017310700
578	25017311100
579	25017311200
580	25017311300
581	25017311400
582	25017311500
583	25017311600
584	25017311700
585	25017311800
586	25017311900
587	25017312000
588	25017312100
589	25017312200
590	25017312300
591	25017312400
592	25017312501
593	25017312502
594	25017313101
595	25017313102
596	25017314101
597	25017314102
598	25017314200
599	25017314301
600	25017314302
601	25017315100
602	25017315200
603	25017315401
604	25017315402
605	25017315403
606	25017315500
607	25017316101
608	25017316102
609	25017316201
610	25017316202
611	25017316300
612	25017316400
613	25017316500
614	25017317101
615	25017317102
616	25017317103
617	25017317201
618	25017317202
619	25017317203
620	25017317301
621	25017317302
622	25017318100
623	25017318200
624	25017318300
625	25017318400
626	25017320102
627	25017320105
628	25017320106
629	25017320107
630	25017321100
631	25017321200
632	25017321301
633	25017321302
634	25017321400
635	25017321500
636	25017321600
637	25017322100
638	25017322200
639	25017322300
640	25017322400
641	25017323101
642	25017323102
643	25017324101
644	25017324102
645	25017325101
646	25017325102
647	25017326101
648	25017326102
649	25017327101
650	25017327102
651	25017327103
652	25017328100
653	25017330101
654	25017330102
655	25017330201
656	25017330202
657	25017331101
658	25017331102
659	25017331200
660	25017331300
661	25017332100
662	25017332201
663	25017332202
664	25017332300
665	25017332401
666	25017332402
667	25017333100
668	25017333200
669	25017333300
670	25017333400
671	25017333501
672	25017333502
673	25017333601
674	25017333602
675	25017334100
676	25017334200
677	25017334300
678	25017334400
679	25017335100
680	25017335200
681	25017335301
682	25017335302
683	25017335400
684	25017336100
685	25017336201
686	25017336202
687	25017336300
688	25017336402
689	25017336403
690	25017336404
691	25017337101
692	25017337102
693	25017337201
694	25017337202
695	25017337300
696	25017338100
697	25017338200
698	25017338300
699	25017338400
700	25017338500
701	25017339101
702	25017339102
703	25017339200
704	25017339300
705	25017339400
706	25017339500
707	25017339600
708	25017339700
709	25017339802
710	25017339803
711	25017339804
712	25017339900
713	25017340000
714	25017340100
715	25017341101
716	25017341102
717	25017341200
718	25017341301
719	25017341302
720	25017341400
721	25017341500
722	25017341600
723	25017341700
724	25017341800
725	25017341901
726	25017341903
727	25017341904
728	25017342101
729	25017342102
730	25017342201
731	25017342202
732	25017342301
733	25017342302
734	25017342401
735	25017342402
736	25017342501
737	25017342502
738	25017342600
739	25017350105
740	25017350106
741	25017350107
742	25017350108
743	25017350109
744	25017350201
745	25017350202
746	25017350300
747	25017350400
748	25017350500
749	25017350600
750	25017350701
751	25017350702
752	25017350800
753	25017350900
754	25017351001
755	25017351002
756	25017351101
757	25017351102
758	25017351203
759	25017351204
760	25017351300
761	25017351403
762	25017351404
763	25017351500
764	25017352101
765	25017352102
766	25017352200
767	25017352300
768	25017352400
769	25017352500
770	25017352600
771	25017352700
772	25017352800
773	25017352900
774	25017353000
775	25017353101
776	25017353102
777	25017353200
778	25017353300
779	25017353600
780	25017353700
781	25017353800
782	25017353900
783	25017354000
784	25017354100
785	25017354200
786	25017354300
787	25017354400
788	25017354500
789	25017354601
790	25017354602
791	25017354700
792	25017354800
793	25017354901
794	25017354902
795	25017355000
796	25017356100
797	25017356300
798	25017356400
799	25017356500
800	25017356601
801	25017356602
802	25017356701
803	25017356703
804	25017356704
805	25017357100
806	25017357200
807	25017357300
808	25017357400
809	25017357500
810	25017357600
811	25017357700
812	25017357800
813	25017358100
814	25017358300
815	25017358400
816	25017358500
817	25017358600
818	25017358700
819	25017359100
820	25017359301
821	25017359302
822	25017359303
823	25017359400
824	25017360300
825	25017361100
826	25017361200
827	25017361300
828	25017362100
829	25017363103
830	25017363104
831	25017363105
832	25017363106
833	25017363201
834	25017363202
835	25017364101
836	25017364102
837	25017365100
838	25017365201
839	25017365202
840	25017366100
841	25017366201
842	25017366202
843	25017367100
844	25017367200
845	25017368101
846	25017368102
847	25017368200
848	25017368300
849	25017368400
850	25017368500
851	25017368600
852	25017368700
853	25017368800
854	25017368901
855	25017368902
856	25017369000
857	25017369100
858	25017370101
859	25017370103
860	25017370104
861	25017370201
862	25017370202
863	25017370301
864	25017370302
865	25017370401
866	25017370402
867	25017370403
868	25017373100
869	25017373200
870	25017373300
871	25017373400
872	25017373500
873	25017373600
874	25017373700
875	25017373800
876	25017373901
877	25017373902
878	25017374000
879	25017374100
880	25017374200
881	25017374300
882	25017374400
883	25017374500
884	25017374600
885	25017374700
886	25017374800
887	25017382100
888	25017382200
889	25017382300
890	25017382400
891	25017382500
892	25017382601
893	25017382602
894	25017383101
895	25017383102
896	25017383200
897	25017383300
898	25017383401
899	25017383402
900	25017383501
901	25017383502
902	25017383600
903	25017383700
904	25017383800
905	25017383902
906	25017383903
907	25017383904
908	25017384003
909	25017384004
910	25017385101
911	25017385102
912	25017385201
913	25017385203
914	25017385204
915	25017386100
916	25017387100
917	25017387201
918	25017387202
919	25017388100
920	25017388200
921	25017388300
922	25017980000
923	25019950100
924	25019950201
925	25019950202
926	25019950307
927	25019950400
928	25019950500
929	25019990000
930	25021400100
931	25021400201
932	25021400202
933	25021400300
934	25021400401
935	25021400402
936	25021400500
937	25021400600
938	25021400700
939	25021400800
940	25021400900
941	25021401000
942	25021401100
943	25021401201
944	25021401202
945	25021402101
946	25021402102
947	25021402200
948	25021402300
949	25021402400
950	25021402500
951	25021403100
952	25021403300
953	25021403400
954	25021403501
955	25021403502
956	25021404100
957	25021404201
958	25021404202
959	25021404301
960	25021404302
961	25021404400
962	25021405100
963	25021406101
964	25021406102
965	25021407101
966	25021407102
967	25021408102
968	25021408103
969	25021408104
970	25021409101
971	25021409102
972	25021410100
973	25021410300
974	25021410400
975	25021411101
976	25021411102
977	25021411200
978	25021411301
979	25021411302
980	25021412100
981	25021412200
982	25021412300
983	25021413100
984	25021413201
985	25021413202
986	25021413300
987	25021413401
988	25021413402
989	25021413500
990	25021414100
991	25021414200
992	25021414300
993	25021415101
994	25021415103
995	25021415104
996	25021415201
997	25021415202
998	25021415300
999	25021416101
1000	25021416102
1001	25021416200
1002	25021416300
1003	25021416400
1004	25021417100
1005	25021417201
1006	25021417202
1007	25021417300
1008	25021417400
1009	25021417501
1010	25021417502
1011	25021417601
1012	25021417602
1013	25021417702
1014	25021417703
1015	25021417704
1016	25021417801
1017	25021417802
1018	25021417901
1019	25021417902
1020	25021418002
1021	25021418003
1022	25021418004
1023	25021418101
1024	25021418102
1025	25021418201
1026	25021419100
1027	25021419200
1028	25021419300
1029	25021419400
1030	25021419500
1031	25021419601
1032	25021419602
1033	25021419700
1034	25021419800
1035	25021420101
1036	25021420102
1037	25021420201
1038	25021420202
1039	25021420301
1040	25021420302
1041	25021421100
1042	25021421200
1043	25021422100
1044	25021422201
1045	25021422202
1046	25021422301
1047	25021422303
1048	25021422304
1049	25021422401
1050	25021422402
1051	25021422501
1052	25021422502
1053	25021422600
1054	25021422700
1055	25021422800
1056	25021423101
1057	25021423102
1058	25021440101
1059	25021440102
1060	25021441202
1061	25021441203
1062	25021441204
1063	25021442101
1064	25021442103
1065	25021442104
1066	25021442105
1067	25021442201
1068	25021442203
1069	25021442204
1070	25021443103
1071	25021443104
1072	25021443105
1073	25021443106
1074	25021456101
1075	25021456102
1076	25021456200
1077	25021456301
1078	25021456302
1079	25021456401
1080	25021456402
1081	25021457100
1082	25021457200
1083	25021980000
1084	25023500101
1085	25023500103
1086	25023500104
1087	25023501101
1088	25023501102
1089	25023501201
1090	25023501203
1091	25023501204
1092	25023502101
1093	25023502102
1094	25023502200
1095	25023503101
1096	25023503102
1097	25023504101
1098	25023504102
1099	25023505102
1100	25023505103
1101	25023505104
1102	25023505201
1103	25023505202
1104	25023506102
1105	25023506103
1106	25023506104
1107	25023506202
1108	25023506203
1109	25023506205
1110	25023506206
1111	25023507101
1112	25023507103
1113	25023507104
1114	25023508101
1115	25023508102
1116	25023508200
1117	25023509101
1118	25023509102
1119	25023510100
1120	25023510200
1121	25023510300
1122	25023510400
1123	25023510501
1124	25023510503
1125	25023510504
1126	25023510505
1127	25023510600
1128	25023510700
1129	25023510800
1130	25023510900
1131	25023511000
1132	25023511100
1133	25023511200
1134	25023511301
1135	25023511302
1136	25023511400
1137	25023511500
1138	25023511601
1139	25023511602
1140	25023511701
1141	25023511702
1142	25023520100
1143	25023520201
1144	25023520202
1145	25023521101
1146	25023521102
1147	25023521201
1148	25023521202
1149	25023522101
1150	25023522102
1151	25023523100
1152	25023523201
1153	25023523203
1154	25023523204
1155	25023524101
1156	25023524102
1157	25023525101
1158	25023525104
1159	25023525204
1160	25023526100
1161	25023530100
1162	25023530200
1163	25023530300
1164	25023530400
1165	25023530500
1166	25023530600
1167	25023530700
1168	25023530801
1169	25023530802
1170	25023530902
1171	25023530903
1172	25023530904
1173	25023540101
1174	25023540102
1175	25023540103
1176	25023541100
1177	25023542101
1178	25023542102
1179	25023542200
1180	25023542301
1181	25023542302
1182	25023543100
1183	25023544100
1184	25023544200
1185	25023545100
1186	25023545200
1187	25023545300
1188	25023545400
1189	25023560100
1190	25023561100
1191	25023561400
1192	25023980200
1193	25023980300
1194	25023990003
1195	25025000101
1196	25025000102
1197	25025000201
1198	25025000202
1199	25025000301
1200	25025000302
1201	25025000401
1202	25025000402
1203	25025000502
1204	25025000503
1205	25025000505
1206	25025000506
1207	25025000601
1208	25025000603
1209	25025000604
1210	25025000701
1211	25025000703
1212	25025000704
1213	25025000804
1214	25025000805
1215	25025000806
1216	25025000807
1217	25025010103
1218	25025010104
1219	25025010204
1220	25025010205
1221	25025010206
1222	25025010300
1223	25025010403
1224	25025010404
1225	25025010405
1226	25025010408
1227	25025010500
1228	25025010600
1229	25025010701
1230	25025010702
1231	25025010801
1232	25025010802
1233	25025020101
1234	25025020200
1235	25025020301
1236	25025020302
1237	25025020304
1238	25025020305
1239	25025030100
1240	25025030200
1241	25025030301
1242	25025030302
1243	25025030400
1244	25025030500
1245	25025040100
1246	25025040200
1247	25025040300
1248	25025040401
1249	25025040600
1250	25025040801
1251	25025050101
1252	25025050200
1253	25025050300
1254	25025050400
1255	25025050500
1256	25025050600
1257	25025050700
1258	25025050901
1259	25025051000
1260	25025051101
1261	25025051200
1262	25025060101
1263	25025060200
1264	25025060301
1265	25025060400
1266	25025060501
1267	25025060601
1268	25025060602
1269	25025060603
1270	25025060604
1271	25025060700
1272	25025060800
1273	25025061000
1274	25025061101
1275	25025061201
1276	25025061202
1277	25025061203
1278	25025061204
1279	25025070102
1280	25025070103
1281	25025070104
1282	25025070201
1283	25025070202
1284	25025070301
1285	25025070302
1286	25025070402
1287	25025070501
1288	25025070502
1289	25025070600
1290	25025070700
1291	25025070801
1292	25025070802
1293	25025070901
1294	25025070902
1295	25025071101
1296	25025071201
1297	25025080100
1298	25025080300
1299	25025080401
1300	25025080500
1301	25025080601
1302	25025080801
1303	25025080900
1304	25025081001
1305	25025081101
1306	25025081102
1307	25025081200
1308	25025081301
1309	25025081302
1310	25025081400
1311	25025081500
1312	25025081700
1313	25025081800
1314	25025081900
1315	25025082000
1316	25025082100
1317	25025090100
1318	25025090200
1319	25025090300
1320	25025090400
1321	25025090600
1322	25025090700
1323	25025090901
1324	25025091001
1325	25025091100
1326	25025091200
1327	25025091300
1328	25025091400
1329	25025091500
1330	25025091600
1331	25025091700
1332	25025091800
1333	25025091900
1334	25025092000
1335	25025092101
1336	25025092200
1337	25025092300
1338	25025092400
1339	25025100100
1340	25025100200
1341	25025100300
1342	25025100400
1343	25025100500
1344	25025100601
1345	25025100603
1346	25025100700
1347	25025100800
1348	25025100900
1349	25025101001
1350	25025101002
1351	25025101101
1352	25025101102
1353	25025110104
1354	25025110105
1355	25025110106
1356	25025110201
1357	25025110301
1358	25025110401
1359	25025110403
1360	25025110501
1361	25025110502
1362	25025110601
1363	25025110607
1364	25025120103
1365	25025120104
1366	25025120105
1367	25025120201
1368	25025120301
1369	25025120400
1370	25025120500
1371	25025120600
1372	25025120700
1373	25025130101
1374	25025130200
1375	25025130300
1376	25025130402
1377	25025130404
1378	25025130406
1379	25025140102
1380	25025140105
1381	25025140106
1382	25025140107
1383	25025140201
1384	25025140202
1385	25025140300
1386	25025140400
1387	25025160102
1388	25025160103
1389	25025160200
1390	25025160300
1391	25025160400
1392	25025160501
1393	25025160502
1394	25025160601
1395	25025160602
1396	25025170101
1397	25025170102
1398	25025170200
1399	25025170301
1400	25025170302
1401	25025170400
1402	25025170502
1403	25025170503
1404	25025170504
1405	25025170601
1406	25025170701
1407	25025170702
1408	25025170800
1409	25025180101
1410	25025180200
1411	25025180301
1412	25025180400
1413	25025180500
1414	25025980101
1415	25025980300
1416	25025980700
1417	25025980900
1418	25025981000
1419	25025981100
1420	25025981201
1421	25025981202
1422	25025981300
1423	25025981501
1424	25025981502
1425	25025981600
1426	25025981700
1427	25025981800
1428	25025981900
1429	25025990101
1430	25027700100
1431	25027701101
1432	25027701102
1433	25027702201
1434	25027702202
1435	25027703100
1436	25027703200
1437	25027703300
1438	25027704201
1439	25027704202
1440	25027705101
1441	25027705102
1442	25027706100
1443	25027707100
1444	25027707200
1445	25027707300
1446	25027707400
1447	25027707500
1448	25027708100
1449	25027709100
1450	25027709201
1451	25027709203
1452	25027709204
1453	25027709400
1454	25027709501
1455	25027709502
1456	25027709600
1457	25027709701
1458	25027709702
1459	25027710100
1460	25027710200
1461	25027710300
1462	25027710400
1463	25027710500
1464	25027710601
1465	25027710602
1466	25027710700
1467	25027710800
1468	25027711000
1469	25027711100
1470	25027712101
1471	25027712102
1472	25027713100
1473	25027715100
1474	25027716101
1475	25027716102
1476	25027716200
1477	25027716300
1478	25027717100
1479	25027718100
1480	25027719100
1481	25027720100
1482	25027721101
1483	25027721103
1484	25027721104
1485	25027722100
1486	25027723100
1487	25027724100
1488	25027725100
1489	25027726100
1490	25027726200
1491	25027727100
1492	25027728100
1493	25027728200
1494	25027728300
1495	25027728400
1496	25027729100
1497	25027729200
1498	25027730100
1499	25027730200
1500	25027730300
1501	25027730401
1502	25027730402
1503	25027730500
1504	25027730600
1505	25027730700
1506	25027730801
1507	25027730802
1508	25027730901
1509	25027730902
1510	25027731001
1511	25027731002
1512	25027731101
1513	25027731102
1514	25027731202
1515	25027731203
1516	25027731204
1517	25027731300
1518	25027731400
1519	25027731500
1520	25027731601
1521	25027731602
1522	25027731700
1523	25027731801
1524	25027731802
1525	25027731900
1526	25027732001
1527	25027732002
1528	25027732201
1529	25027732202
1530	25027732203
1531	25027732301
1532	25027732302
1533	25027732400
1534	25027732500
1535	25027732600
1536	25027732700
1537	25027732801
1538	25027732802
1539	25027732901
1540	25027732902
1541	25027733000
1542	25027733101
1543	25027733102
1544	25027735100
1545	25027735200
1546	25027736100
1547	25027736200
1548	25027736300
1549	25027736400
1550	25027736500
1551	25027737100
1552	25027737200
1553	25027737300
1554	25027738100
1555	25027738201
1556	25027738202
1557	25027739101
1558	25027739102
1559	25027739201
1560	25027739202
1561	25027739300
1562	25027739401
1563	25027739402
1564	25027739500
1565	25027740101
1566	25027740102
1567	25027740200
1568	25027741101
1569	25027741102
1570	25027742300
1571	25027742401
1572	25027742402
1573	25027743100
1574	25027744102
1575	25027744103
1576	25027744104
1577	25027744201
1578	25027744202
1579	25027744300
1580	25027744400
1581	25027745100
1582	25027746100
1583	25027747101
1584	25027747102
1585	25027748100
1586	25027749100
1587	25027749200
1588	25027750100
1589	25027750200
1590	25027750300
1591	25027751101
1592	25027751102
1593	25027752101
1594	25027752102
1595	25027753100
1596	25027753200
1597	25027754100
1598	25027754200
1599	25027754300
1600	25027754400
1601	25027755100
1602	25027755201
1603	25027755202
1604	25027756101
1605	25027756102
1606	25027757100
1607	25027757200
1608	25027757300
1609	25027757400
1610	25027757500
1611	25027758101
1612	25027758103
1613	25027758104
1614	25027759100
1615	25027760100
1616	25027761100
1617	25027761200
1618	25027761300
1619	25027761401
1620	25027761402
